2    13        2021      12        19        
2    100       2021      12        19        
2    140       2021      12        19        
2    500       2021      12        19        
1    175       2021      12        19        
1    200       2021      12        19        
1    175       2021      12        19        
1    125       2021      12        19        
1    200       2021      12        19        
1    200       2021      12        19        
1    350       2021      12        19        
